0.963075 50
0.076683 46
2.209694 46
0.213899 46
0.169291 46
0.168335 27
0.631644 1
1.391355 1
0.184192 1
0.166623 4
0.401843 4
0.102603 1
0.279818 1
0.176577 1
0.712446 1
0.295357 90
0.506108 46
0.647756 46
0.175509 46
0.158860 46
0.177324 27
0.527028 1
1.016693 1
0.142721 1
0.664243 1
0.143559 1
1.009379 1
0.078865 1
0.175950 1
0.071600 1
0.177250 1
0.159450 1
0.183851 1
0.169088 2
0.961985 379
0.030524 737
0.009489 42
0.010323 46
1.067672 46
0.184520 1
0.815243 1
0.134475 1
0.193277 1
0.199901 1
0.175334 1
0.137158 1
0.166902 3
0.123140 1
0.757715 1
0.175561 2
0.432623 2683
0.036813 1649
0.002753 42
0.010287 46
1.013719 46
0.176064 1
0.816687 1
0.220793 1
0.282380 1
0.159609 1
0.174775 5
0.276638 1
0.797163 1
0.191827 2
0.223148 1816
0.023658 616
0.002072 42
0.013767 46
0.658971 46
0.173746 1
0.705149 1
0.110768 1
0.224916 1
0.087640 1
0.102816 1
0.113149 1
0.164555 1
0.202524 1
0.136783 1
1.040385 1
0.103437 4
0.189865 2
0.795690 628
0.003660 42
0.000708 46
0.987197 46
0.159655 1
0.903408 1
0.119854 1
0.095503 1
0.176850 1
0.400251 1
0.134519 2
0.923279 916
0.008915 42
0.000607 46
1.724359 46
0.231854 46
0.200085 1
2.607988 1
0.143145 1
0.296884 1
0.224191 1
1.308876 2
0.396569 1183
0.013316 42
0.000241 46
1.265022 46
0.175558 1
1.567347 1
0.304195 1
0.295796 1
0.192551 1
0.159975 2
0.576812 847
0.053048 42
0.000888 46
1.866688 6
